					pc	bp	sp	stack
Initial values 				0	1	0
  0	jmp	0	14		14	1	0	
 14	inc	0	1		15	1	1	0 
 15	cal	0	1		1	2	1	0 | 0 1 1 16 
  1	jmp	0	2		2	2	1	0 
  2	inc	0	4		3	2	5	0 | 0 1 1 16 
  3	lod	1	0		4	2	6	0 | 0 1 1 16 0 
  4	lit	0	5		5	2	7	0 | 0 1 1 16 0 5 
  5	opr	0	9		6	2	6	0 | 0 1 1 16 1 
  6	jpc	0	13		7	2	5	0 | 0 1 1 16 
  7	lod	1	0		8	2	6	0 | 0 1 1 16 0 
  8	lit	0	1		9	2	7	0 | 0 1 1 16 0 1 
  9	opr	0	2		10	2	6	0 | 0 1 1 16 1 
 10	sto	1	0		11	2	5	1 | 0 1 1 16 
 11	cal	1	1		1	6	5	1 | 0 1 1 16 | 0 1 2 12 
  1	jmp	0	2		2	6	5	1 | 0 1 1 16 
  2	inc	0	4		3	6	9	1 | 0 1 1 16 | 0 1 2 12 
  3	lod	1	0		4	6	10	1 | 0 1 1 16 | 0 1 2 12 1 
  4	lit	0	5		5	6	11	1 | 0 1 1 16 | 0 1 2 12 1 5 
  5	opr	0	9		6	6	10	1 | 0 1 1 16 | 0 1 2 12 1 
  6	jpc	0	13		7	6	9	1 | 0 1 1 16 | 0 1 2 12 
  7	lod	1	0		8	6	10	1 | 0 1 1 16 | 0 1 2 12 1 
  8	lit	0	1		9	6	11	1 | 0 1 1 16 | 0 1 2 12 1 1 
  9	opr	0	2		10	6	10	1 | 0 1 1 16 | 0 1 2 12 2 
 10	sto	1	0		11	6	9	2 | 0 1 1 16 | 0 1 2 12 
 11	cal	1	1		1	10	9	2 | 0 1 1 16 | 0 1 2 12 | 0 1 6 12 
  1	jmp	0	2		2	10	9	2 | 0 1 1 16 | 0 1 2 12 
  2	inc	0	4		3	10	13	2 | 0 1 1 16 | 0 1 2 12 | 0 1 6 12 
  3	lod	1	0		4	10	14	2 | 0 1 1 16 | 0 1 2 12 | 0 1 6 12 2 
  4	lit	0	5		5	10	15	2 | 0 1 1 16 | 0 1 2 12 | 0 1 6 12 2 5 
  5	opr	0	9		6	10	14	2 | 0 1 1 16 | 0 1 2 12 | 0 1 6 12 1 
  6	jpc	0	13		7	10	13	2 | 0 1 1 16 | 0 1 2 12 | 0 1 6 12 
  7	lod	1	0		8	10	14	2 | 0 1 1 16 | 0 1 2 12 | 0 1 6 12 2 
  8	lit	0	1		9	10	15	2 | 0 1 1 16 | 0 1 2 12 | 0 1 6 12 2 1 
  9	opr	0	2		10	10	14	2 | 0 1 1 16 | 0 1 2 12 | 0 1 6 12 3 
 10	sto	1	0		11	10	13	3 | 0 1 1 16 | 0 1 2 12 | 0 1 6 12 
 11	cal	1	1		1	14	13	3 | 0 1 1 16 | 0 1 2 12 | 0 1 6 12 | 0 1 10 12 
  1	jmp	0	2		2	14	13	3 | 0 1 1 16 | 0 1 2 12 | 0 1 6 12 
  2	inc	0	4		3	14	17	3 | 0 1 1 16 | 0 1 2 12 | 0 1 6 12 | 0 1 10 12 
  3	lod	1	0		4	14	18	3 | 0 1 1 16 | 0 1 2 12 | 0 1 6 12 | 0 1 10 12 3 
  4	lit	0	5		5	14	19	3 | 0 1 1 16 | 0 1 2 12 | 0 1 6 12 | 0 1 10 12 3 5 
  5	opr	0	9		6	14	18	3 | 0 1 1 16 | 0 1 2 12 | 0 1 6 12 | 0 1 10 12 1 
  6	jpc	0	13		7	14	17	3 | 0 1 1 16 | 0 1 2 12 | 0 1 6 12 | 0 1 10 12 
  7	lod	1	0		8	14	18	3 | 0 1 1 16 | 0 1 2 12 | 0 1 6 12 | 0 1 10 12 3 
  8	lit	0	1		9	14	19	3 | 0 1 1 16 | 0 1 2 12 | 0 1 6 12 | 0 1 10 12 3 1 
  9	opr	0	2		10	14	18	3 | 0 1 1 16 | 0 1 2 12 | 0 1 6 12 | 0 1 10 12 4 
 10	sto	1	0		11	14	17	4 | 0 1 1 16 | 0 1 2 12 | 0 1 6 12 | 0 1 10 12 
 11	cal	1	1		1	18	17	4 | 0 1 1 16 | 0 1 2 12 | 0 1 6 12 | 0 1 10 12 | 0 1 14 12 
  1	jmp	0	2		2	18	17	4 | 0 1 1 16 | 0 1 2 12 | 0 1 6 12 | 0 1 10 12 
  2	inc	0	4		3	18	21	4 | 0 1 1 16 | 0 1 2 12 | 0 1 6 12 | 0 1 10 12 | 0 1 14 12 
  3	lod	1	0		4	18	22	4 | 0 1 1 16 | 0 1 2 12 | 0 1 6 12 | 0 1 10 12 | 0 1 14 12 4 
  4	lit	0	5		5	18	23	4 | 0 1 1 16 | 0 1 2 12 | 0 1 6 12 | 0 1 10 12 | 0 1 14 12 4 5 
  5	opr	0	9		6	18	22	4 | 0 1 1 16 | 0 1 2 12 | 0 1 6 12 | 0 1 10 12 | 0 1 14 12 1 
  6	jpc	0	13		7	18	21	4 | 0 1 1 16 | 0 1 2 12 | 0 1 6 12 | 0 1 10 12 | 0 1 14 12 
  7	lod	1	0		8	18	22	4 | 0 1 1 16 | 0 1 2 12 | 0 1 6 12 | 0 1 10 12 | 0 1 14 12 4 
  8	lit	0	1		9	18	23	4 | 0 1 1 16 | 0 1 2 12 | 0 1 6 12 | 0 1 10 12 | 0 1 14 12 4 1 
  9	opr	0	2		10	18	22	4 | 0 1 1 16 | 0 1 2 12 | 0 1 6 12 | 0 1 10 12 | 0 1 14 12 5 
 10	sto	1	0		11	18	21	5 | 0 1 1 16 | 0 1 2 12 | 0 1 6 12 | 0 1 10 12 | 0 1 14 12 
 11	cal	1	1		1	22	21	5 | 0 1 1 16 | 0 1 2 12 | 0 1 6 12 | 0 1 10 12 | 0 1 14 12 | 0 1 18 12 
  1	jmp	0	2		2	22	21	5 | 0 1 1 16 | 0 1 2 12 | 0 1 6 12 | 0 1 10 12 | 0 1 14 12 
  2	inc	0	4		3	22	25	5 | 0 1 1 16 | 0 1 2 12 | 0 1 6 12 | 0 1 10 12 | 0 1 14 12 | 0 1 18 12 
  3	lod	1	0		4	22	26	5 | 0 1 1 16 | 0 1 2 12 | 0 1 6 12 | 0 1 10 12 | 0 1 14 12 | 0 1 18 12 5 
  4	lit	0	5		5	22	27	5 | 0 1 1 16 | 0 1 2 12 | 0 1 6 12 | 0 1 10 12 | 0 1 14 12 | 0 1 18 12 5 5 
  5	opr	0	9		6	22	26	5 | 0 1 1 16 | 0 1 2 12 | 0 1 6 12 | 0 1 10 12 | 0 1 14 12 | 0 1 18 12 0 
  6	jpc	0	13		13	22	25	5 | 0 1 1 16 | 0 1 2 12 | 0 1 6 12 | 0 1 10 12 | 0 1 14 12 | 0 1 18 12 
 13	opr	0	0		12	18	21	5 | 0 1 1 16 | 0 1 2 12 | 0 1 6 12 | 0 1 10 12 | 0 1 14 12 
 12	jmp	0	13		13	18	21	5 | 0 1 1 16 | 0 1 2 12 | 0 1 6 12 | 0 1 10 12 | 0 1 14 12 
 13	opr	0	0		12	14	17	5 | 0 1 1 16 | 0 1 2 12 | 0 1 6 12 | 0 1 10 12 
 12	jmp	0	13		13	14	17	5 | 0 1 1 16 | 0 1 2 12 | 0 1 6 12 | 0 1 10 12 
 13	opr	0	0		12	10	13	5 | 0 1 1 16 | 0 1 2 12 | 0 1 6 12 
 12	jmp	0	13		13	10	13	5 | 0 1 1 16 | 0 1 2 12 | 0 1 6 12 
 13	opr	0	0		12	6	9	5 | 0 1 1 16 | 0 1 2 12 
 12	jmp	0	13		13	6	9	5 | 0 1 1 16 | 0 1 2 12 
 13	opr	0	0		12	2	5	5 | 0 1 1 16 
 12	jmp	0	13		13	2	5	5 | 0 1 1 16 
 13	opr	0	0		16	1	1	5 
 16	lod	0	0		17	1	2	5 5 
 17	sio	0	1		18	1	1	5 
 18	sio	0	3		0	0	0	
